1.0 1.0 1.0 1.0 1.0 1.0 1.0 1.0 1.0 1.0 1.0 1.0 
1.0 1.0 1.0 1.0 1.0 1.0 1.0 1.0 1.0 1.0 1.0 1.0 
0.14777618113775437 0.14779245697640092 0.14759808198955027 0.14755157016407033 0.14743328843569758 0.1473012335745195 0.14716484435685157 0.14792148108830755 0.147204596126334 0.1480548725594184 0.14704418093259036 0.14842554804653896 
0.15292705104827922 0.14970626501570194 0.14905383388071686 0.15558985169366135 0.15288364525270892 0.15345017794604865 0.1498306008121859 0.14977266402899625 0.1498976974490076 0.15090496373131632 0.14981118078813876 0.14933282090257843 
0.14119721918700812 0.14089198056745542 0.141164047293733 0.14072386263116446 0.14093762828799178 0.1406526517926352 0.1451361435851046 0.14079047270019385 0.1408752146335866 0.14095373344681986 0.14286669691430873 0.14087792676994776 
0.16228240374142985 0.1475289784655361 0.1425420494646148 0.1470198941666545 0.14193868864220496 0.16694410428066747 0.14133099765695828 0.14116404086304235 0.1417634038489728 0.14692384192915653 0.14129958537603524 0.14139767125243713 
0.14676207549289996 0.14640807601499875 0.14614076062457657 0.14665190729160232 0.14609444338841054 0.1485789496484316 0.14612016024157276 0.1460036220080274 0.14579886097988914 0.14600400937485328 0.14635972510299688 0.14618996159155745 
0.14280093710206349 0.14175176762020913 0.1436685836502108 0.14354013744982932 0.14200412359126335 0.1427887893828212 0.14274437586475872 0.1432016095436503 0.14285928863604258 0.14529039520109394 0.1424995755525505 0.14538515954878856 
0.1513552668142638 0.15263629404945483 0.15147658003427622 0.15221606519453243 0.15081891575730144 0.15145523596037844 0.1513770632897279 0.15023290492840627 0.1508914914085739 0.15131677208098682 0.15157253556649483 0.15139221294217922 
0.14719430288812496 0.14115352013685448 0.13288465701294985 0.1481303841432016 0.13419638182004398 0.14623341775260423 0.13242233197104897 0.13298729433801326 0.1329611276069953 0.13235718771361885 0.1321639522757921 0.13276816473928335 
0.1284127832954896 0.1285673057442092 0.12873597951097815 0.12885055352301927 0.1285571516005416 0.12890757055467683 0.1287799950434561 0.12852419919016206 0.12898458899633608 0.12884561629402097 0.1287636450852706 0.12862367406049088 
0.12867172384660186 0.1284748013970038 0.12866330489591904 0.12857359361662615 0.12892207664879896 0.12867868252600528 0.1289762741305768 0.12898280446373828 0.1288815044715721 0.12876180116722874 0.12900191649424309 0.12893588497401698 
0.1297005562607014 0.12968374676054342 0.1297965828545669 0.12965068161525736 0.12939387090620696 0.12978029160447263 0.12943321043776052 0.12926904780689313 0.1293874105828937 0.12948433125702183 0.12941391650218262 0.13116584304006423 
0.13021025724325902 0.1323320314937445 0.13043130474792475 0.13033307125295382 0.1304179436722011 0.13039858440339874 0.13092466216709805 0.13019704109032115 0.1303340374048591 0.13028900667480647 0.13003926043292047 0.13033735050076767 
0.12886979021935943 0.129251096069891 0.12850582384357334 0.12848616547055314 0.12884337258692738 0.13010928199567312 0.12898584740029148 0.1284932344325726 0.12857196083543576 0.12915615286423504 0.12836590407672227 0.12981842479170402 
0.1288047212356214 0.13046487311750463 0.12856457555693573 0.12874219147679747 0.1290521778588836 0.1287754891175138 0.12849551220011438 0.12850818294935393 0.12864725413909028 0.12854243283962966 0.12848312129564327 0.12866473277692164 
0.1302858771929195 0.13175526571463436 0.130076169712789 0.12981023193677108 0.13003442903924822 0.1295430420205559 0.12990370240229537 0.13018416980513908 0.13003945360182895 0.1299829232723479 0.1299526438820824 0.13001852325833982 
0.1311785317748606 0.13112826891547835 0.13101416560146345 0.13134784900753152 0.13119723623082885 0.1311360164442346 0.13120334430890898 0.13117253817213936 0.13086239171754874 0.1310896253050276 0.1310506219148774 0.13100883432046176 
0.13444782913434217 0.13453365940780915 0.13459049214366386 0.13455522145611926 0.13421398560778744 0.13402043651272036 0.13458265179458118 0.13410111244231512 0.13400072027674287 0.13412062842506783 0.134143962279084 0.13486638884741936 
0.13376571172947788 0.13389790132903864 0.13378125583587014 0.13369284333949516 0.13356265497893716 0.13381424177529527 0.13358272775117624 0.13350848782239422 0.1336142645175304 0.1335409389479479 0.13354491123484782 0.1337393074510834 
0.13544001758676003 0.13508909266080218 0.13528946493788377 0.13517251219354537 0.1351523486938657 0.13543551803622514 0.1351381964514224 0.13543278362557398 0.1353459671989487 0.13526140943998327 0.13508273015406755 0.13523979203415246 
0.14490738666565334 0.1445555106786377 0.14466114503061162 0.14470127419345993 0.14457331020111255 0.1448304693676752 0.14469700714861003 0.1448653896841593 0.1448461222140727 0.14514324743819346 0.14515018730521806 0.14471873698243246 
0.1361475373832469 0.13630757314979036 0.13640858374954368 0.1362425267635756 0.13613287623497142 0.13632756686034034 0.13630866050318532 0.1362360932559887 0.1360211098978862 0.13624083683517424 0.13628409537773736 0.13636132918325408 
0.13139169976353712 0.13147243619323273 0.13136822522770902 0.13140178615651832 0.131338731791253 0.13126862518469098 0.13120379232074492 0.1313131494051366 0.1312960437060195 0.13122669460815486 0.13126719250519817 0.13130348705235012 
0.1348317334962699 0.13472101302490735 0.1347725564538031 0.1347772927339737 0.1347528440028137 0.13468134116604816 0.1349933755943829 0.13474534709751573 0.13488350624226889 0.13496816835280454 0.13480293215009279 0.1346654036273735 
0.14576654993147553 0.14177715229450916 0.14165001136796723 0.1415294834427745 0.14269670805892584 0.14136636938238722 0.14149174252618898 0.14131230510855575 0.14135196817764184 0.14160466151609438 0.14155739449139065 0.14146141135810317 
0.13422376267525135 0.13420404891597193 0.13412680575059677 0.13434950177581825 0.13422962482126355 0.13422824009675843 0.13419760579721784 0.1345429831717331 0.13429601296961916 0.13425877829554472 0.13420094748253777 0.13433673784836103 
0.1718771975176955 0.17154580041943351 0.1714795904718976 0.17141369767967607 0.1713322038665137 0.1713585353089245 0.1713389698465539 0.17120821124122407 0.17138949570866188 0.17140656923641948 0.17194869338713784 0.17138877833354604 
